Script started on Sun 06 Jun 2021 04:23:45 PM EDT
[?1034hbash-4.2$ ls
sort.c	typescript
bash-4.2$ gcc sort.c -o selectionsort
bash-4.2$ ls
selectionsort  sort.c  typescript
bash-4.2$ ./selectionsort 
Source Array: 
23 84 29 50 32 92 33 51 27 17 50 32 57 81 62 95 71 25 99 03 
77 58 85 32 23 22 62 01 83 19 60 07 03 89 09 88 82 94 39 61 
11 90 93 68 23 08 15 94 33 14 98 11 73 35 43 48 57 05 49 41 
24 62 00 79 51 09 19 85 55 59 98 67 01 44 87 24 52 03 19 85 
17 69 48 42 04 91 90 13 48 92 54 24 54 06 56 57 67 75 95 23 


Destination Array: 
00 01 01 03 03 03 04 05 06 07 08 09 09 11 11 13 14 15 17 17 
19 19 19 22 23 23 23 23 24 24 24 25 27 29 32 32 32 33 33 35 
39 41 42 43 44 48 48 48 49 50 50 51 51 52 54 54 55 56 57 57 
57 58 59 60 61 62 62 62 67 67 68 69 71 73 75 77 79 81 82 83 
84 85 85 85 87 88 89 90 90 91 92 92 93 94 94 95 95 98 98 99 
bash-4.2$ exit
exit

Script done on Sun 06 Jun 2021 04:24:08 PM EDT
