Script started on Thu 17 Jun 2021 09:56:12 PM EDT
[?1034hbash-4.2$ gcc sort.c 
bash-4.2$ ./a.out 
Source Array: 
97 57 12 25 31 87 58 35 76 06 77 15 65 30 42 65 39 24 80 14 
52 84 57 86 96 54 82 65 57 81 54 07 38 18 32 69 05 42 56 33 
00 34 49 66 16 43 83 07 68 63 21 72 99 30 59 96 36 93 13 94 
74 67 01 12 85 85 34 42 79 90 76 32 76 77 98 92 20 81 52 40 
97 25 13 96 08 24 92 44 17 58 90 92 25 43 56 63 80 42 57 60 


Destination Array: 
00 01 05 06 07 07 08 12 12 13 13 14 15 16 17 18 20 21 24 24 
25 25 25 30 30 31 32 32 33 34 34 35 36 38 39 40 42 42 42 42 
43 43 44 49 52 52 54 54 56 56 57 57 57 57 58 58 59 60 63 63 
65 65 65 66 67 68 69 72 74 76 76 76 77 77 79 80 80 81 81 82 
83 84 85 85 86 87 90 90 92 92 92 93 94 96 96 96 97 97 98 99 
bash-4.2$ exit
exit

Script done on Thu 17 Jun 2021 09:56:20 PM EDT
