Script started on Mon 09 Aug 2021 07:29:16 PM EDT
[?1034hbash-4.2$ make str
gcc -Wall -c str1.c
gcc -Wall -o str str1.o
bash-4.2$ ./str 
hakuna matata!
hakuna matata!
bash-4.2$ make sort
gcc -Wall -c sort.c
gcc -Wall -o sort sort.o
bash-4.2$ ./sort 
Enter an integer n: 10
The unsorted array is: 18498 17299 21155 6088 27781 27421 5269 26521 27121 11218 
The sorted array is: 5269 6088 11218 17299 18498 21155 26521 27121 27421 27781 
bash-4.2$ make resize
gcc -Wall -c resize.c
gcc -Wall -o resize resize.o
bash-4.2$ ./resize 
Enter original array size:100
100 100 100 100 100 100 100 100 100 100 100 100 100 100 100 100 100 100 100 100 100 100 100 100 100 100 100 100 100 100 100 100 100 100 100 100 100 100 100 100 100 100 100 100 100 100 100 100 100 100 100 100 100 100 100 100 100 100 100 100 100 100 100 100 100 100 100 100 100 100 100 100 100 100 100 100 100 100 100 100 100 100 100 100 100 100 100 100 100 100 100 100 100 100 100 100 100 100 100 100 
Enter new array size: 200
resizing array from 100 to 200
100 100 100 100 100 100 100 100 100 100 100 100 100 100 100 100 100 100 100 100 100 100 100 100 100 100 100 100 100 100 100 100 100 100 100 100 100 100 100 100 100 100 100 100 100 100 100 100 100 100 134961 0 100 100 100 100 100 100 100 100 100 100 100 100 100 100 100 100 100 100 100 100 100 100 100 100 100 100 100 100 100 100 100 100 100 100 100 100 100 100 100 100 100 100 100 100 100 100 100 100 0 0 0 0 0 0 0 0 0 0 0 0 0 0 0 0 0 0 0 0 0 0 0 0 0 0 0 0 0 0 0 0 0 0 0 0 0 0 0 0 0 0 0 0 0 0 0 0 0 0 0 0 0 0 0 0 0 0 0 0 0 0 0 0 0 0 0 0 0 0 0 0 0 0 0 0 0 0 0 0 0 0 0 0 0 0 0 0 0 0 0 0 0 0 0 0 0 0 0 0 
bash-4.2$ exit
exit

Script done on Mon 09 Aug 2021 07:30:19 PM EDT
